20200826 N 0 0
20200826 T 50 0
20200827 N 1 0
20200827 T 100 0
20200828 N 2 0
20200828 T 200 0
20200829 N 3 0
20200829 T 300 0
20200830 N 4 0
20200830 T 400 0
20200831 N 5 0
20200831 T 500 0
20200901 N 6 0
20200901 T 600 0
20200902 N 7 0
20200902 T 700 0
20200903 N 8 0
20200903 T 800 0
20200904 N 9 1
20200904 T 900 1
20200905 N 10 0
20200905 T 1000 0
20200906 N 11 1
20200906 T 1100 1
20200907 N 12 0
20200907 T 1200 0
20200908 N 13 1
20200908 T 1300 1
20200909 N 14 0
20200909 T 1400 0
20200910 N 15 1
20200910 T 1500 1
20200911 N 16 0
20200911 T 1600 0
20200912 N 17 1
20200912 T 1700 1
20200913 N 18 0
20200913 T 1800 0
20200914 N 19 1
20200914 T 1900 1
20200915 N 20 0
20200915 T 2000 0
20200916 N 21 1
20200916 T 2100 1
20200917 N 22 0
20200917 T 2200 0
20200918 N 23 1
20200918 T 2300 1
20200919 N 24 0
20200919 T 2400 0
20200920 N 25 1
20200920 T 2500 1
20200921 N 26 0
20200921 T 2600 0
20200922 N 27 1
20200922 T 2700 1
20200923 N 28 0
20200923 T 2800 0
20200924 N 29 1
20200924 T 2900 1
20200925 N 30 0
20200925 T 3000 0
20200926 N 31 1
20200926 T 3100 1
20200927 N 32 0
20200927 T 3200 0
20200928 N 33 1
20200928 T 3300 1
20200929 N 34 0
20200929 T 3400 0
20200930 N 35 1
20200930 T 3500 1
20201001 N 36 0
20201001 T 3600 0
20201002 N 37 1
20201002 T 3700 1
20201003 N 38 0
20201003 T 3800 0
20201004 N 39 1
20201004 T 3900 1
20201005 N 40 0
20201005 T 4000 0
20201006 N 41 1
20201006 T 4100 1
20201007 N 42 0
20201007 T 4200 0
20201008 N 43 1
20201008 T 4300 1
20201009 N 44 0
20201009 T 4400 0
20201010 N 45 1
20201010 T 4500 1
20201011 N 46 0
20201011 T 4600 0
20201012 N 47 1
20201012 T 4700 1
20201013 N 48 0
20201013 T 4800 0
20201014 N 49 1
20201014 T 4900 1
20201015 N 50 0
20201015 T 5000 0
20201016 N 51 1
20201016 T 5100 1
20201017 N 52 0
20201017 T 5200 0
20201018 N 53 1
20201018 T 5300 1
20201019 N 54 0
20201019 T 5400 0
20201020 N 55 1
20201020 T 5500 1
20201021 N 56 0
20201021 T 5600 0
20201022 N 57 1
20201022 T 5700 1
20201023 N 58 0
20201023 T 5800 0
20201024 N 59 1
20201024 T 5900 1
20201025 N 60 0
20201025 T 6000 0
20201026 N 61 1
20201026 T 6100 1
20201027 N 62 0
20201027 T 6200 0
20201028 N 63 1
20201028 T 6300 1
20201029 N 64 0
20201029 T 6400 0
20201030 N 65 1
20201030 T 6500 1
20201031 N 66 0
20201031 T 6600 0
20201101 N 67 1
20201101 T 6700 1
20201102 N 68 0
20201102 T 6800 0
20201103 N 69 1
20201103 T 6900 1
20201104 N 70 0
20201104 T 7000 0
20201105 N 71 1
20201105 T 7100 1
20201106 N 72 0
20201106 T 7200 0
20201107 N 73 1
20201107 T 7300 1
20201108 N 74 0
20201108 T 7400 0
20201109 N 75 1
20201109 T 7500 1
20201110 N 76 0
20201110 T 7600 0
20201111 N 77 1
20201111 T 7700 1
20201112 N 78 0
20201112 T 7800 0
20201113 N 79 1
20201113 T 7900 1
20201114 N 80 0
20201114 T 8000 0
20201115 N 81 1
20201115 T 8100 1
20201116 N 82 0
20201116 T 8200 0
20201117 N 83 1
20201117 T 8300 1
20201118 N 84 0
20201118 T 8400 0
20201119 N 85 1
20201119 T 8500 1
20201120 N 86 0
20201120 T 8600 0
20201121 N 87 1
20201121 T 8700 1
20201122 N 88 0
20201122 T 8800 0
20201123 N 89 1
20201123 T 8900 1
20201124 N 90 0
20201124 T 9000 0
20201125 N 91 1
20201125 T 9100 1
20201126 N 92 0
20201126 T 9200 0
20201127 N 93 1
20201127 T 9300 1
20201128 N 94 0
20201128 T 9400 0
20201129 N 95 1
20201129 T 9500 1
20201130 N 96 0
20201130 T 9600 0
20201201 N 97 1
20201201 T 9700 1
20201202 N 98 0
20201202 T 9800 0
20201203 N 99 1
20201203 T 9900 1